position	Displacement along x	Displacement along z	final energy (eV)
(0,0)	0.000	0.000	-1957.038049
(0,1)	0.000	3.038	-1957.817942
(0,2)	0.000	6.076	-1958.635706
(0,3)	0.000	9.114	-1959.374300
(0,4)	0.000	12.151	-1960.261230
(0,5)	0.000	15.189	-1960.700932
(1,0)	3.034	0.000	-1957.008780
(1,1)	3.034	3.038	-1957.211634
(1,2)	3.034	6.076	-1957.857981
(1,3)	3.034	9.114	-1958.570143
(1,4)	3.034	12.151	-1959.546452
(1,5)	3.034	15.189	-1960.102627
(2,0)	6.069	0.000	-1956.958891
(2,1)	6.069	3.038	-1956.856983
(2,2)	6.069	6.076	-1957.332337
(2,3)	6.069	9.114	-1958.024680
(2,4)	6.069	12.151	-1958.847789
(2,5)	6.069	15.189	-1959.580250
(3,0)	9.103	0.000	-1957.341946
(3,1)	9.103	3.038	-1956.920782
(3,2)	9.103	6.076	-1957.028271
(3,3)	9.103	9.114	-1957.400009
(3,4)	9.103	12.151	-1957.987905
(3,5)	9.103	15.189	-1958.735694
(4,0)	12.137	0.000	-1958.255421
(4,1)	12.137	3.038	-1957.628784
(4,2)	12.137	6.076	-1957.373658
(4,3)	12.137	9.114	-1957.416961
(4,4)	12.137	12.151	-1957.713377
(4,5)	12.137	15.189	-1958.258013
(5,0)	15.172	0.000	-1959.084812
(5,1)	15.172	3.038	-1958.342285
(5,2)	15.172	6.076	-1957.820177
(5,3)	15.172	9.114	-1957.452900
(5,4)	15.172	12.151	-1957.609322
(5,5)	15.172	15.189	-1957.973360
