149	KAuO3	-20.0092	1.319	-3.065	71.569
150	CsMoO3	-30.3405	1.000	-9.424	69.885
151	CsRuO3	-29.3741	0.718	-6.619	66.379
152	KCoO3	-24.4398	4.582	-5.574	58.139
153	RbAuO3	-19.6868	1.374	-2.856	74.223
154	KCrO3	-29.7127	1.000	-8.490	57.335
155	RbCdO3	-18.1012	3.000	-3.743	89.058
156	KCdO3	-18.2682	2.649	-3.797	83.863
157	NaAgO3	-19.0853	1.520	-2.378	68.113
158	NaCoO3	-24.9278	4.049	-5.796	52.316
159	NaZnO3	-19.6915	2.737	-4.594	62.479
160	HgIrO3	-24.7555	0.886	-3.033	62.313
161	SbAuO3	-24.5235	0.075	-4.490	64.115
162	RbZnO3	-18.7639	0.000	-4.045	68.421
163	RbNiO3	-19.7902	3.934	-2.856	66.974
164	HgRhO3	-23.2706	1.341	-3.141	61.334
165	LiCrO3	-30.5837	1.000	-8.496	50.949
166	RbMnO3	-27.9241	2.000	-6.990	65.548
167	CsCdO3	-17.9167	3.000	-3.642	93.640
168	RbCuO3	-20.7632	-2.154	-3.405	65.268
169	CdRhO3	-25.2511	1.280	-4.561	60.252
170	KZnO3	-19.2801	-0.014	-4.448	64.642
171	CsAuO3	-19.2932	1.447	-2.546	77.678
172	MgTiO3	-36.6733	0.000	-14.680	56.733
173	MgFeO3	-28.4597	4.000	-8.751	53.244
174	NaCdO3	-17.9382	2.229	-3.201	78.092
175	CaHgO3	-20.9344	-0.000	-6.135	73.205
176	CdIrO3	-26.5021	0.933	-4.220	61.778
177	InOsO3	-32.2913	0.000	-5.821	62.763
178	LiYO3	-32.4781	2.000	-11.463	49.451
179	NbFeO3	-38.2678	3.055	-9.963	64.175
180	CaYO3	-35.4787	1.000	-14.440	80.600
181	SiAgO3	-29.2533	-1.000	-8.425	47.490
182	TaFeO3	-41.1105	3.067	-11.091	62.845
183	MgMnO3	-30.9940	3.000	-9.484	51.797
184	SiHgO3	-26.9304	0.000	-8.633	49.222
185	MgCuO3	-23.8992	0.000	-5.965	51.944
186	LiNiO3	-21.0804	2.589	-3.169	52.250
187	SbPdO3	-26.6116	1.132	-4.581	63.265
188	InCuO3	-23.6226	-0.000	-4.628	54.219
189	RbCrO3	-28.9947	1.000	-7.885	61.149
190	MgHgO3	-19.2293	2.019	-4.855	62.734
191	MgVO3	-32.8631	1.000	-11.402	54.489
192	BeCdO3	-23.6284	2.000	-6.446	47.248
193	VCoO3	-32.6477	3.613	-7.546	53.964
194	VZnO3	-29.5074	-0.862	-8.439	54.443
195	LiCdO3	-18.9150	3.000	-3.579	52.945
196	TiZnO3	-33.0960	-0.000	-11.495	56.877
197	TiCuO3	-34.0045	-1.000	-9.764	57.101
198	ScCoO3	-34.5812	-0.000	-10.507	48.668
199	BiPtO3	-26.5686	-0.000	-3.904	67.158
200	MgCoO3	-26.5378	2.637	-7.210	49.991
201	YMoO3	-38.7095	2.996	-12.207	67.396
202	MnZnO3	-27.4429	3.000	-6.326	51.996
203	ZnOsO3	-29.9127	0.069	-4.895	59.062
204	ScCuO3	-31.9529	0.000	-9.272	51.499
205	AlAuO3	-26.7176	-2.000	-7.064	53.022
206	CrCuO3	-29.1827	1.000	-5.250	52.290
207	YAgO3	-30.1508	-0.000	-8.320	65.614
208	BeHgO3	-21.1417	2.000	-4.519	48.892
209	TlHgO3	-16.0870	0.171	-0.994	77.365
210	ZnCuO3	-20.3660	0.000	-2.824	51.959
211	CoAuO3	-22.4999	3.784	-1.452	53.766
212	TePdO3	-24.0399	1.098	-2.995	67.183
213	CrTcO3	-37.9826	4.778	-7.448	57.820
214	MgRuO3	-31.0767	2.000	-7.662	58.337
215	MgMoO3	-31.1180	1.946	-9.542	62.920
216	MgOsO3	-32.4239	1.232	-7.014	60.088
217	BeAgO3	-23.1394	0.000	-3.987	45.438
218	MgReO3	-35.3631	0.000	-8.788	60.220
219	GePdO3	-27.1504	2.000	-4.729	53.321
220	MgZrO3	-37.4452	-0.000	-14.740	69.276
221	CoMoO3	-31.2035	4.194	-5.986	61.288
222	HfZnO3	-36.0162	0.014	-12.298	67.750
223	MgZnO3	-21.5273	0.068	-6.233	55.580
224	SiPdO3	-31.2312	2.000	-7.904	46.491
225	MgRhO3	-27.9758	1.244	-6.533	58.207
226	CuPdO3	-22.4094	-2.982	-0.758	54.086
227	ScVO3	-38.9137	2.000	-12.707	55.680
228	ZrTiO3	-42.7852	1.243	-13.774	57.472
229	YOsO3	-39.7485	0.001	-9.413	62.305
230	ZrZnO3	-34.0250	-0.016	-11.712	69.677
231	ZnRhO3	-24.8033	1.097	-3.753	57.906
232	BeZnO3	-23.5812	-2.000	-6.038	42.992
233	ZnIrO3	-26.2270	0.853	-3.584	59.640
234	InPtO3	-25.1573	0.000	-3.813	64.753
235	MgIrO3	-29.0416	0.815	-6.006	60.193
236	ZnAuO3	-17.8214	-2.766	-0.808	60.711
237	YWO3	-37.7257	3.000	-10.818	69.520
238	ScPdO3	-31.9103	3.000	-7.760	68.072
239	BePdO3	-26.0116	0.000	-4.359	42.626
240	AlVO3	-35.0890	2.000	-11.381	48.248
241	AlNiO3	-26.3492	3.000	-6.593	48.942
242	NiMoO3	-27.4880	2.176	-4.090	59.371
243	CoRhO3	-27.7775	4.222	-2.693	57.823
