(0,0)	-1957.038049
(0,1)	-1956.621873
(0,2)	-1956.408911
(0,3)	-1957.433888
(0,4)	-1956.147746
(0,5)	-1957.320766
(1,0)	-1956.904363
(1,1)	-1956.393431
(1,2)	-1957.412708
(1,3)	-1956.345194
(1,4)	-1957.125041
(1,5)	-1957.070404
(2,0)	-1956.296358
(2,1)	-1957.510663
(2,2)	-1956.305883
(2,3)	-1957.204611
(2,4)	-1957.195661
(2,5)	-1956.546086
(3,0)	-1957.572922
(3,1)	-1956.127952
(3,2)	-1957.163716
(3,3)	-1957.091966
(3,4)	-1956.281329
(3,5)	-1957.776285
(4,0)	-1956.227034
(4,1)	-1957.048919
(4,2)	-1956.901866
(4,3)	-1956.336711
(4,4)	-1957.652562
(4,5)	-1956.280544
(5,0)	-1956.892354
(5,1)	-1957.151334
(5,2)	-1956.453050
(5,3)	-1957.607353
(5,4)	-1956.570698
(5,5)	-1957.082073
