No	formula	total E	Magm	F.E.(eV/f.u.)	Volume
1	SrTcO3	-37.3222	0.000	-12.651	62.120
2	BaFeO3	-31.4303	4.360	-11.315	65.599
3	BaMoO3	-35.0364	2.000	-13.054	70.764
4	KTaO3	-41.0688	0.000	-15.534	65.376
5	BaZrO3	-41.7257	-0.000	-18.614	76.014
6	SrFeO3	-31.5665	4.126	-11.722	59.495
7	KTcO3	-34.4570	-0.000	-10.383	59.668
8	NaTcO3	-34.7320	-0.000	-10.392	56.973
9	BaHfO3	-43.5585	0.000	-19.042	74.151
10	SrTiO3	-39.9939	-0.000	-17.866	61.402
11	SrCuO3	-26.9196	-0.068	-8.850	58.615
12	KNbO3	-38.1603	-0.000	-14.340	66.798
13	NaTaO3	-41.2194	-0.000	-15.419	63.059
14	BaScO3	-36.9520	1.000	-16.112	75.135
15	BaPdO3	-28.3515	0.197	-8.541	69.212
16	BaTaO3	-42.8440	-0.000	-16.440	70.488
17	SrHfO3	-43.2679	0.000	-19.022	70.885
18	NaOsO3	-33.4572	-0.001	-8.244	58.261
19	TlTcO3	-33.1516	0.000	-7.896	62.592
20	KReO3	-36.6819	-0.000	-10.569	61.134
21	SrRuO3	-34.5698	1.859	-11.020	62.459
22	KHfO3	-38.5186	1.000	-14.871	72.927
23	SrVO3	-36.0648	1.000	-14.469	59.360
24	KOsO3	-33.2396	0.000	-8.292	60.752
25	TaAgO3	-39.2943	0.000	-12.080	63.800
26	SrNiO3	-26.0569	0.000	-8.413	58.679
27	RbIrO3	-28.5356	1.377	-6.076	64.443
28	NaReO3	-36.9034	0.000	-10.525	58.756
29	SrMnO3	-33.9447	3.037	-12.300	58.320
30	CaFeO3	-31.6406	4.027	-11.506	56.108
31	SrZrO3	-41.3492	0.000	-18.509	72.775
32	NaWO3	-32.3138	1.000	-10.529	62.551
33	RbTaO3	-40.4574	-0.000	-15.036	67.390
34	SrCoO3	-29.4488	3.207	-9.986	56.939
35	SrTaO3	-42.6364	-0.000	-16.504	67.264
36	KZrO3	-36.6818	1.000	-14.439	75.195
37	CaTiO3	-39.9896	-0.000	-17.571	58.840
38	NaRuO3	-31.2591	-0.000	-8.042	56.788
39	LiTcO3	-35.0290	0.000	-10.090	55.900
40	SrPdO3	-28.1058	0.408	-8.567	64.723
41	KWO3	-32.1870	1.000	-10.668	64.998
42	KRhO3	-27.2057	2.403	-6.225	62.337
43	BaCuO3	-26.7607	-0.387	-8.420	64.425
44	RbNbO3	-37.6173	-0.000	-13.910	68.863
45	BaOsO3	-36.1104	1.204	-10.294	67.133
46	BaRuO3	-34.6302	1.791	-10.809	66.316
47	KRuO3	-31.0041	-0.000	-8.052	59.650
48	SrMoO3	-34.7963	2.000	-13.085	67.085
49	NaTiO3	-35.1349	1.000	-13.339	59.249
50	SrScO3	-36.5859	1.000	-16.017	70.954
51	RbOsO3	-32.5844	0.000	-7.750	62.855
52	SrRhO3	-31.4928	1.469	-9.915	63.070
53	NaMoO3	-32.1196	1.000	-10.740	60.398
54	SrOsO3	-35.9921	1.183	-10.447	63.634
55	BaRhO3	-31.6175	1.573	-9.768	67.474
56	BaPtO3	-29.3141	-0.000	-8.625	69.891
57	CaVO3	-36.1209	1.000	-14.235	56.710
58	KMoO3	-31.9407	1.000	-10.827	63.156
59	SrCrO3	-34.6194	2.000	-12.799	58.692
60	SrAgO3	-24.3379	-0.019	-7.299	68.706
61	RbRhO3	-26.6670	2.291	-5.799	64.774
62	BaVO3	-35.8881	1.000	-14.021	63.946
63	CaCoO3	-29.6094	2.836	-9.856	53.074
64	CaMnO3	-34.0909	3.000	-12.156	54.599
65	KPtO3	-24.7545	1.680	-4.934	65.243
66	BaNiO3	-25.9549	-0.000	-8.039	65.269
67	BaMnO3	-33.7265	3.000	-11.810	64.739
68	SrReO3	-38.8223	0.000	-12.112	63.756
69	BaReO3	-38.9287	0.000	-11.947	67.087
70	SrIrO3	-32.6480	0.001	-9.478	63.906
71	NaVO3	-32.5524	0.000	-11.288	53.717
72	NaFeO3	-26.6225	4.665	-7.110	55.077
73	BaIrO3	-32.8084	0.000	-9.367	67.493
74	RbReO3	-36.0070	0.000	-10.008	63.110
75	CaRuO3	-34.4632	1.881	-10.624	60.167
76	RbPdO3	-22.9144	2.233	-4.086	69.167
77	CaHfO3	-42.9977	0.000	-18.462	68.987
78	TlWO3	-30.9018	1.000	-8.200	67.778
79	RbWO3	-31.5980	1.000	-10.192	67.073
80	RbPtO3	-24.3039	1.833	-4.597	68.026
81	KPdO3	-23.3368	2.162	-4.395	66.303
82	SrPtO3	-29.0247	0.000	-8.607	65.939
83	SrZnO3	-24.8574	0.038	-9.428	62.395
84	BaWO3	-34.6968	2.000	-12.308	72.557
85	CaCuO3	-27.0200	-0.055	-8.661	55.030
86	BaZnO3	-24.9950	-1.653	-9.294	69.169
87	RbRuO3	-30.3540	-0.000	-7.515	62.090
88	RbMoO3	-31.3263	1.000	-10.326	65.540
89	CaZrO3	-41.0282	-0.000	-17.898	70.873
90	KScO3	-31.7929	2.000	-11.822	74.653
91	BaCdO3	-23.6390	0.673	-8.299	79.330
92	TiCdO3	-33.7325	0.000	-12.493	58.727
93	SrWO3	-34.3886	2.000	-12.272	69.267
94	BaAuO3	-25.3381	0.000	-7.525	74.124
95	YNiO3	-33.4399	1.000	-11.005	53.025
96	CsIrO3	-27.6872	1.328	-5.311	68.382
97	LiRuO3	-31.5544	0.000	-7.738	55.617
98	KVO3	-32.0687	0.000	-11.070	57.205
99	BaCoO3	-29.2494	3.730	-9.515	62.919
100	YCuO3	-34.1058	-0.000	-11.246	54.103
101	YCoO3	-36.5209	0.000	-12.267	51.475
102	CaZnO3	-24.8004	-0.004	-9.081	58.898
103	CsPdO3	-22.4036	2.255	-3.659	73.038
104	TiHgO3	-31.3281	0.010	-10.648	60.152
105	CaScO3	-36.2904	1.000	-15.432	68.446
106	CsOsO3	-31.5331	0.000	-6.783	66.689
107	CaOsO3	-35.8363	1.180	-10.001	61.731
108	RbYO3	-31.6401	2.000	-11.603	92.191
109	CsNbO3	-36.6924	0.000	-13.069	72.560
110	CsTaO3	-39.4073	0.000	-14.069	71.172
111	CaRhO3	-31.3592	1.378	-9.491	60.469
112	RbFeO3	-25.4820	3.925	-6.349	64.318
113	NaPdO3	-23.3274	1.801	-4.120	62.027
114	KYO3	-31.7784	2.000	-11.628	89.875
115	SrAuO3	-24.9290	0.036	-7.388	69.967
116	SrHgO3	-21.3750	0.000	-6.866	75.712
117	KMnO3	-28.4865	3.405	-7.439	59.058
118	HfCdO3	-36.8487	-0.000	-13.492	68.826
119	MnCdO3	-27.8741	3.000	-7.118	54.845
120	VCdO3	-29.8910	-0.948	-9.183	56.789
121	VHgO3	-27.6726	-0.822	-7.525	58.013
122	NaCrO3	-30.1853	1.000	-8.697	52.949
123	HfHgO3	-34.7049	0.041	-11.908	70.074
124	HgRuO3	-26.5381	0.007	-4.437	60.500
125	YMnO3	-40.1712	4.000	-13.735	57.757
126	YTiO3	-43.9004	-0.000	-16.981	58.853
127	YCrO3	-41.1557	3.000	-14.544	57.077
128	LiFeO3	-26.9925	4.564	-6.881	53.102
129	CaIrO3	-32.4746	0.000	-9.014	61.793
130	CsTiO3	-33.2940	1.000	-11.960	69.274
131	TlCuO3	-22.0055	-0.000	-3.352	56.575
132	HgOsO3	-28.4508	0.000	-4.354	61.847
133	NaNiO3	-20.6916	2.762	-3.379	54.719
134	CuHgO3	-18.4233	-0.514	-1.802	56.693
135	KAgO3	-19.1891	1.627	-2.747	72.373
136	PbAuO3	-22.8091	0.000	-3.340	70.571
137	SnHgO3	-22.6222	0.038	-5.902	67.903
138	AlAgO3	-27.3224	-2.000	-8.171	52.997
139	YFeO3	-37.7946	5.000	-13.160	58.557
140	ZrCdO3	-34.8787	-0.000	-12.927	70.712
141	FeAgO3	-24.9248	3.000	-3.998	57.161
142	CdRuO3	-28.3824	2.023	-5.721	60.050
143	BiMoO3	-31.5010	2.750	-7.543	68.985
144	RbHgO3	-16.2547	1.544	-2.456	83.951
145	ZrHgO3	-32.7779	0.046	-11.386	72.059
146	RbAgO3	-18.8415	1.734	-2.513	75.792
147	RbVO3	-31.2530	-0.000	-10.368	60.015
148	CdOsO3	-29.9702	0.924	-5.314	61.300
149	KAuO3	-20.0092	1.319	-3.065	71.569
150	CsMoO3	-30.3405	1.000	-9.424	69.885
151	CsRuO3	-29.3741	0.718	-6.619	66.379
152	KCoO3	-24.4398	4.582	-5.574	58.139
153	RbAuO3	-19.6868	1.374	-2.856	74.223
154	KCrO3	-29.7127	1.000	-8.490	57.335
155	RbCdO3	-18.1012	3.000	-3.743	89.058
156	KCdO3	-18.2682	2.649	-3.797	83.863
157	NaAgO3	-19.0853	1.520	-2.378	68.113
158	NaCoO3	-24.9278	4.049	-5.796	52.316
159	NaZnO3	-19.6915	2.737	-4.594	62.479
160	HgIrO3	-24.7555	0.886	-3.033	62.313
161	SbAuO3	-24.5235	0.075	-4.490	64.115
162	RbZnO3	-18.7639	0.000	-4.045	68.421
163	RbNiO3	-19.7902	3.934	-2.856	66.974
164	HgRhO3	-23.2706	1.341	-3.141	61.334
165	LiCrO3	-30.5837	1.000	-8.496	50.949
166	RbMnO3	-27.9241	2.000	-6.990	65.548
167	CsCdO3	-17.9167	3.000	-3.642	93.640
168	RbCuO3	-20.7632	-2.154	-3.405	65.268
169	CdRhO3	-25.2511	1.280	-4.561	60.252
170	KZnO3	-19.2801	-0.014	-4.448	64.642
171	CsAuO3	-19.2932	1.447	-2.546	77.678
172	MgTiO3	-36.6733	0.000	-14.680	56.733
173	MgFeO3	-28.4597	4.000	-8.751	53.244
174	NaCdO3	-17.9382	2.229	-3.201	78.092
175	CaHgO3	-20.9344	-0.000	-6.135	73.205
176	CdIrO3	-26.5021	0.933	-4.220	61.778
177	InOsO3	-32.2913	0.000	-5.821	62.763
178	LiYO3	-32.4781	2.000	-11.463	49.451
179	NbFeO3	-38.2678	3.055	-9.963	64.175
180	CaYO3	-35.4787	1.000	-14.440	80.600
181	SiAgO3	-29.2533	-1.000	-8.425	47.490
182	TaFeO3	-41.1105	3.067	-11.091	62.845
183	MgMnO3	-30.9940	3.000	-9.484	51.797
184	SiHgO3	-26.9304	0.000	-8.633	49.222
185	MgCuO3	-23.8992	0.000	-5.965	51.944
186	LiNiO3	-21.0804	2.589	-3.169	52.250
187	SbPdO3	-26.6116	1.132	-4.581	63.265
188	InCuO3	-23.6226	-0.000	-4.628	54.219
189	RbCrO3	-28.9947	1.000	-7.885	61.149
190	MgHgO3	-19.2293	2.019	-4.855	62.734
191	MgVO3	-32.8631	1.000	-11.402	54.489
192	BeCdO3	-23.6284	2.000	-6.446	47.248
193	VCoO3	-32.6477	3.613	-7.546	53.964
194	VZnO3	-29.5074	-0.862	-8.439	54.443
195	LiCdO3	-18.9150	3.000	-3.579	52.945
196	TiZnO3	-33.0960	-0.000	-11.495	56.877
197	TiCuO3	-34.0045	-1.000	-9.764	57.101
198	ScCoO3	-34.5812	-0.000	-10.507	48.668
199	BiPtO3	-26.5686	-0.000	-3.904	67.158
200	MgCoO3	-26.5378	2.637	-7.210	49.991
201	YMoO3	-38.7095	2.996	-12.207	67.396
202	MnZnO3	-27.4429	3.000	-6.326	51.996
203	ZnOsO3	-29.9127	0.069	-4.895	59.062
204	ScCuO3	-31.9529	0.000	-9.272	51.499
205	AlAuO3	-26.7176	-2.000	-7.064	53.022
206	CrCuO3	-29.1827	1.000	-5.250	52.290
207	YAgO3	-30.1508	-0.000	-8.320	65.614
208	BeHgO3	-21.1417	2.000	-4.519	48.892
209	TlHgO3	-16.0870	0.171	-0.994	77.365
210	ZnCuO3	-20.3660	0.000	-2.824	51.959
211	CoAuO3	-22.4999	3.784	-1.452	53.766
212	TePdO3	-24.0399	1.098	-2.995	67.183
213	CrTcO3	-37.9826	4.778	-7.448	57.820
214	MgRuO3	-31.0767	2.000	-7.662	58.337
215	MgMoO3	-31.1180	1.946	-9.542	62.920
216	MgOsO3	-32.4239	1.232	-7.014	60.088
217	BeAgO3	-23.1394	0.000	-3.987	45.438
218	MgReO3	-35.3631	0.000	-8.788	60.220
219	GePdO3	-27.1504	2.000	-4.729	53.321
220	MgZrO3	-37.4452	-0.000	-14.740	69.276
221	CoMoO3	-31.2035	4.194	-5.986	61.288
222	HfZnO3	-36.0162	0.014	-12.298	67.750
223	MgZnO3	-21.5273	0.068	-6.233	55.580
224	SiPdO3	-31.2312	2.000	-7.904	46.491
225	MgRhO3	-27.9758	1.244	-6.533	58.207
226	CuPdO3	-22.4094	-2.982	-0.758	54.086
227	ScVO3	-38.9137	2.000	-12.707	55.680
228	ZrTiO3	-42.7852	1.243	-13.774	57.472
229	YOsO3	-39.7485	0.001	-9.413	62.305
230	ZrZnO3	-34.0250	-0.016	-11.712	69.677
231	ZnRhO3	-24.8033	1.097	-3.753	57.906
232	BeZnO3	-23.5812	-2.000	-6.038	42.992
233	ZnIrO3	-26.2270	0.853	-3.584	59.640
234	InPtO3	-25.1573	0.000	-3.813	64.753
235	MgIrO3	-29.0416	0.815	-6.006	60.193
236	ZnAuO3	-17.8214	-2.766	-0.808	60.711
237	YWO3	-37.7257	3.000	-10.818	69.520
238	ScPdO3	-31.9103	3.000	-7.760	68.072
239	BePdO3	-26.0116	0.000	-4.359	42.626
240	AlVO3	-35.0890	2.000	-11.381	48.248
241	AlNiO3	-26.3492	3.000	-6.593	48.942
242	NiMoO3	-27.4880	2.176	-4.090	59.371
243	CoRhO3	-27.7775	4.222	-2.693	57.823
